start=2603.726125
volume-restore-data=pulse:100.000000:100.000000:0
contrast=0
