start=2554.596263
volume-restore-data=pulse:100.000000:100.000000:0
brightness=0
contrast=0
