start=2079.277200
volume-restore-data=pulse:100.000000:100.000000:0
aid=1
