start=2599.430000
volume-restore-data=pulse:100.000000:100.000000:0
brightness=-1
contrast=0
sid=no
