start=2590.755000
volume-restore-data=pulse:100.000000:100.000000:0
brightness=-3
contrast=3
sid=no
