start=2519.120000
volume-restore-data=pulse:100.000000:100.000000:0
contrast=0
