start=6277.604667
volume-restore-data=pulse:100.000000:100.000000:0
contrast=0
sub-pos=99
