start=2599.224224
volume-restore-data=pulse:100.000000:100.000000:0
contrast=1
