start=1741.573167
volume-restore-data=pulse:100.000000:100.000000:0
contrast=0
