start=3440.103333
volume-restore-data=pulse:100.000000:100.000000:0
contrast=0
