start=1508.106600
volume-restore-data=pulse:100.000000:100.000000:0
contrast=-1
aid=1
